Time_sec	X_HCN
1.684	0
3.684	0
5.684	0
7.684	0
11.684	0
13.684	0
15.684	0
17.684	0
19.684	0
21.684	0
23.684	0
27.684	0
29.684	0
31.684	0
33.684	0
35.684	0
37.684	0
39.684	0
41.684	0
43.684	0
47.684	0
49.684	0
51.684	0
53.684	0
55.684	0
57.684	0
59.684	0
63.684	0
65.684	0
67.684	0
69.684	0
71.684	0
73.684	0
75.684	0
79.684	0
81.684	0
83.684	0
85.684	0
87.684	0
89.684	0
91.684	0
95.684	0
97.684	0
99.684	0
101.684	0
103.684	0
105.684	0
109.684	0
111.684	0
113.684	0
115.684	0
117.684	0
119.684	0
121.684	0
125.684	0
127.684	0
129.684	0
131.684	0
133.684	0
135.684	0
139.684	0
141.684	0
143.684	0
145.684	0
147.684	0
149.684	0
151.684	0
155.684	0
157.684	0
159.684	0
161.684	0
163.684	0
165.684	0
169.684	0
171.684	0
173.684	0
175.684	0
177.684	0
179.684	0
183.684	0
185.684	0
187.684	0
189.684	0
191.684	0
193.684	0
197.684	0
199.684	0
201.684	0
203.684	0
205.684	0
209.684	0
211.684	0
213.684	0
215.684	0
217.684	0
219.684	0
223.684	2.61E-06
225.684	2.99E-06
227.684	2.11E-06
229.684	3.46E-06
231.684	2.57E-06
235.684	2.85E-06
237.684	3.28E-06
239.684	2.71E-06
241.684	3.49E-06
243.684	3.34E-06
247.684	3.14E-06
249.684	3.07E-06
251.684	3.49E-06
253.684	4.17E-06
257.684	4.40E-06
259.684	4.06E-06
261.684	5.54E-06
263.684	5.08E-06
265.684	6.19E-06
269.684	5.68E-06
271.684	9.36E-06
273.684	9.53E-06
275.684	1.04E-05
277.684	1.13E-05
281.684	1.21E-05
283.684	1.15E-05
285.684	1.15E-05
287.684	1.39E-05
289.684	1.10E-05
293.684	9.51E-06
295.684	8.26E-06
297.684	8.76E-06
299.684	6.55E-06
301.684	6.27E-06
305.684	5.05E-06
307.684	5.42E-06
309.684	4.77E-06
311.684	4.42E-06
313.684	5.31E-06
317.684	5.08E-06
319.684	7.27E-06
321.684	7.57E-06
323.684	8.60E-06
327.684	7.75E-06
329.684	9.26E-06
331.684	1.20E-05
333.684	1.15E-05
335.684	1.12E-05
339.684	1.26E-05
341.684	1.24E-05
343.684	1.30E-05
345.684	1.46E-05
347.684	1.42E-05
351.684	1.53E-05
353.684	1.54E-05
355.684	1.62E-05
357.684	1.61E-05
361.684	1.48E-05
363.684	1.57E-05
365.684	1.64E-05
367.684	1.66E-05
371.684	1.80E-05
373.684	1.81E-05
375.684	1.81E-05
377.684	2.10E-05
381.684	2.33E-05
383.684	2.40E-05
385.684	2.80E-05
387.684	3.02E-05
389.684	3.63E-05
393.684	4.60E-05
395.684	6.05E-05
397.684	7.62E-05
399.684	9.68E-05
403.684	0.000118124
405.684	0.000139915
407.684	0.000163262
409.684	0.000186513
411.684	0.000214694
415.684	0.000245109
417.684	0.000282363
419.684	0.000317817
421.684	0.000353684
425.684	0.000390283
427.684	0.000428702
429.684	0.000471129
431.684	0.000520641
435.684	0.000565408
437.684	0.000614724
439.684	0.000661917
441.684	0.000701002
445.684	0.000739304
447.684	0.000764838
449.684	0.000794889
451.684	0.000807644
453.684	0.000826673
457.684	0.000827406
459.684	0.000839564
461.684	0.000840727
463.684	0.000850169
467.684	0.000851716
469.684	0.000857914
471.684	0.000856543
473.684	0.000855224
477.684	0.000851368
479.684	0.000844452
481.684	0.000841554
485.684	0.00083655
487.684	0.000833789
489.684	0.000832238
491.684	0.000830012
495.684	0.000827041
497.684	0.000822974
499.684	0.000802513
501.684	0.000803146
505.684	0.000801302
507.684	0.000799083
509.684	0.00079873
511.684	0.000803488
515.684	0.000798903
517.684	0.000796565
519.684	0.000797666
521.684	0.00079702
525.684	0.000794266
527.684	0.000792935
529.684	0.000789271
533.684	0.00078492
535.684	0.00078335
537.684	0.000779757
539.684	0.000771928
543.684	0.000763483
545.684	0.00074925
547.684	0.000736621
551.684	0.000720626
553.684	0.000706152
555.684	0.000691405
557.684	0.000678743
561.684	0.000664855
563.684	0.000651031
565.684	0.000632262
567.684	0.000613757
571.684	0.000595024
573.684	0.000570629
575.684	0.000547188
579.684	0.000522903
581.684	0.000497552
583.684	0.00047617
585.684	0.000452797
589.684	0.000433613
591.684	0.000412438
593.684	0.000397983
597.684	0.000378028
599.684	0.000362639
601.684	0.000347506
605.684	0.000338638
607.684	0.000326866
609.684	0.000318462
613.684	0.00030966
615.684	0.000301772
617.684	0.000295369
619.684	0.000290331
623.684	0.000281416
625.684	0.000276616
627.684	0.000271164
631.684	0.000265401
633.684	0.000260595
635.684	0.000256641
639.684	0.000250781
641.684	0.00024835
643.684	0.000244353
647.684	0.000240966
649.684	0.000236124
651.684	0.000233299
653.684	0.000230632
657.684	0.00022879
659.684	0.000224265
661.684	0.000222387
665.684	0.000220542
667.684	0.000218034
669.684	0.000214773
673.684	0.000213678
675.684	0.000210036
677.684	0.000207846
681.684	0.000206674
683.684	0.000203813
685.684	0.000201396
689.684	0.000200167
691.684	0.000197393
693.684	0.000196942
697.684	0.000192544
699.684	0.000190739
701.684	0.000189759
705.684	0.000186928
707.684	0.000183688
709.684	0.000183387
713.684	0.000182248
715.684	0.000179684
717.684	0.000178921
721.684	0.00017706
723.684	0.00017379
725.684	0.000173477
729.684	0.000171642
731.684	0.000170776
733.684	0.000170421
737.684	0.000167057
739.684	0.00016625
741.684	0.00016488
745.684	0.000161244
747.684	0.000161586
749.684	0.000161427
753.684	0.000158588
755.684	0.000158001
757.684	0.000156949
761.684	0.000155282
763.684	0.000153326
765.684	0.000152435
769.684	0.000151716
771.684	0.000149881
775.684	0.000149536
777.684	0.000149493
779.684	0.00014667
783.684	0.0001448
785.684	0.000143973
787.684	0.000143677
791.684	0.000142649
793.684	0.0001412
795.684	0.000141668
799.684	0.00013908
801.684	0.000139366
805.684	0.000138431
807.684	0.000137339
809.684	0.000144135
813.684	0.00014347
815.684	0.000141203
817.684	0.000141471
821.684	0.000140677
823.684	0.000140083
827.684	0.000140369
829.684	0.000137957
831.684	0.000137034
835.684	0.000137137
837.684	0.00013274
839.684	0.000135341
843.684	0.000131575
845.684	0.000132186
849.684	0.000131328
851.684	0.000128908
855.684	0.000128418
857.684	0.000128203
859.684	0.000127082
863.684	0.000126385
865.684	0.00012588
867.684	0.000125364
871.684	0.000124115
873.684	0.000124415
877.684	0.000123979
879.684	0.000123401
881.684	0.000121691
885.684	0.000121572
887.684	0.000121372
891.684	0.000118415
893.684	0.000114659
897.684	0.000113114
899.684	0.000112532
901.684	0.000112256
905.684	0.000112129
907.684	0.000109195
911.684	0.000110916
913.684	0.000110871
915.684	0.000109644
919.684	0.000108944
921.684	0.000108171
925.684	0.000108317
927.684	0.000108837
931.684	0.000107335
933.684	0.00010853
935.684	0.000107027
939.684	0.000105711
941.684	0.000104932
945.684	0.00010582