Time_sec	X_CH4
1.684	0
3.684	0
5.684	0
7.684	0
11.684	0
13.684	0
15.684	0
17.684	0
19.684	0
21.684	0
23.684	0
27.684	0
29.684	0
31.684	0
33.684	0
35.684	0
37.684	0
39.684	0
41.684	0
43.684	0
47.684	0
49.684	0
51.684	0
53.684	0
55.684	0
57.684	0
59.684	0
63.684	0
65.684	0
67.684	0
69.684	0
71.684	0
73.684	0
75.684	0
79.684	0
81.684	0
83.684	0
85.684	0
87.684	0
89.684	0
91.684	0
95.684	0
97.684	0
99.684	0
101.684	0
103.684	0
105.684	0
109.684	0
111.684	0
113.684	0
115.684	0
117.684	0
119.684	0
121.684	0
125.684	0
127.684	0
129.684	0
131.684	0
133.684	0
135.684	0
139.684	0
141.684	0
143.684	0
145.684	0
147.684	0
149.684	0
151.684	0
155.684	0
157.684	0
159.684	0
161.684	0
163.684	0
165.684	0
169.684	0
171.684	0
173.684	0
175.684	0
177.684	0
179.684	0
183.684	0
185.684	0
187.684	0
189.684	0
191.684	0
193.684	0
197.684	0
199.684	0
201.684	0
203.684	0
205.684	0
209.684	0
211.684	0
213.684	0
215.684	0
217.684	0
219.684	0
223.684	0.000467725
225.684	1.62E-07
227.684	0
229.684	0.00023642
231.684	7.94E-05
235.684	0.000817168
237.684	7.02E-08
239.684	0.000514973
241.684	0.000391561
243.684	0.000241245
247.684	0.000427682
249.684	0.000232657
251.684	0.000745222
253.684	0.000781953
257.684	0.000924214
259.684	0.001215874
261.684	0.001447116
263.684	0.001388908
265.684	0.001943492
269.684	0.002098262
271.684	0.002688975
273.684	0.003448352
275.684	0.003808731
277.684	0.0046062
281.684	0.004562268
283.684	0.005000741
285.684	0.005192416
287.684	0.005162552
289.684	0.00488717
293.684	0.004749481
295.684	0.004465307
297.684	0.00470695
299.684	0.00442301
301.684	0.004227225
305.684	0.004059862
307.684	0.003693844
309.684	0.002757304
311.684	0.002572916
313.684	0.002331372
317.684	0.002119278
319.684	0.001883908
321.684	0.001717539
323.684	0.001784315
327.684	0.001887999
329.684	0.001777208
331.684	0.00205471
333.684	0.001708297
335.684	0.001536794
339.684	0.001527235
341.684	0.001804001
343.684	0.001946744
345.684	0.002334394
347.684	0.00250958
351.684	0.002553726
353.684	0.003093835
355.684	0.003433992
357.684	0.003582322
361.684	0.004286093
363.684	0.004579254
365.684	0.005039379
367.684	0.005041623
371.684	0.005862044
373.684	0.006625031
375.684	0.007408624
377.684	0.008089085
381.684	0.008807043
383.684	0.009575412
385.684	0.010204426
387.684	0.010792399
389.684	0.011037802
393.684	0.012239679
395.684	0.01315993
397.684	0.013550496
399.684	0.014005088
403.684	0.013687286
405.684	0.013439001
407.684	0.013659134
409.684	0.017497861
411.684	0.017924368
415.684	0.018118555
417.684	0.018410218
419.684	0.018591146
421.684	0.019216812
425.684	0.020368284
427.684	0.021129508
429.684	0.02183676
431.684	0.022790109
435.684	0.023011187
437.684	0.023110686
439.684	0.023305501
441.684	0.023031689
445.684	0.022906651
447.684	0.022654709
449.684	0.022229175
451.684	0.021542394
453.684	0.021565811
457.684	0.021567962
459.684	0.021825098
461.684	0.021597846
463.684	0.021856338
467.684	0.022310981
469.684	0.022283588
471.684	0.021383146
473.684	0.021625918
477.684	0.021756518
479.684	0.022118744
481.684	0.021798379
485.684	0.021140151
487.684	0.021406748
489.684	0.020975299
491.684	0.020834767
495.684	0.020871868
497.684	0.020636251
499.684	0.020432522
501.684	0.019573495
505.684	0.018189918
507.684	0.018024272
509.684	0.018160693
511.684	0.018146605
515.684	0.017710488
517.684	0.0172463
519.684	0.016942597
521.684	0.016628483
525.684	0.016336288
527.684	0.016214197
529.684	0.01606809
533.684	0.015605524
535.684	0.015222048
537.684	0.014384532
539.684	0.01356958
543.684	0.013114358
545.684	0.012840537
547.684	0.012567664
551.684	0.012191431
553.684	0.012165561
555.684	0.011200804
557.684	0.010151118
561.684	0.009562278
563.684	0.008598945
565.684	0.007561177
567.684	0.006620786
571.684	0.006662732
573.684	0.006059297
575.684	0.005895649
579.684	0.005184584
581.684	0.004640175
583.684	0.00363517
585.684	0.00324623
589.684	0.00269779
591.684	0.002026817
593.684	0.001854967
597.684	0.00169431
599.684	0.001353434
601.684	0.001438396
605.684	0.000496042
607.684	0.000772958
609.684	0.000240673
613.684	3.19E-13
615.684	0.000345465
617.684	0
619.684	2.83E-08
623.684	0.000298622
625.684	0
627.684	0
631.684	0.00023064
633.684	0.000188745
635.684	0
639.684	0
641.684	0
643.684	0
647.684	0
649.684	0
651.684	0
653.684	0
657.684	0
659.684	0
661.684	0
665.684	0
667.684	0
669.684	0
673.684	0
675.684	0
677.684	0
681.684	0
683.684	0
685.684	0
689.684	0
691.684	0
693.684	0
697.684	0
699.684	0
701.684	0
705.684	0
707.684	0
709.684	0
713.684	0
715.684	0
717.684	0
721.684	0
723.684	0
725.684	0
729.684	0
731.684	0
733.684	0
737.684	0
739.684	0
741.684	0
745.684	0
747.684	0
749.684	0
753.684	0
755.684	0
757.684	0
761.684	0
763.684	0
765.684	0
769.684	0
771.684	0
775.684	0
777.684	0
779.684	0
783.684	0
785.684	0
787.684	0
791.684	0
793.684	0
795.684	0
799.684	0
801.684	0
805.684	0
807.684	0
809.684	0
813.684	0
815.684	0
817.684	0
821.684	0
823.684	0
827.684	0
829.684	0
831.684	0
835.684	0
837.684	0
839.684	0
843.684	0
845.684	0
849.684	0
851.684	0
855.684	0
857.684	0
859.684	0
863.684	0
865.684	0
867.684	0
871.684	0
873.684	0
877.684	0
879.684	0
881.684	0
885.684	0
887.684	0
891.684	0
893.684	0
897.684	0
899.684	0
901.684	0
905.684	0
907.684	0
911.684	0
913.684	0
915.684	0
919.684	0
921.684	0
925.684	0
927.684	0
931.684	0
933.684	0
935.684	0
939.684	0
941.684	0
945.684	0