Time_sec	X_C2H2
3.344	0
5.344	0
7.344	0
11.344	0
13.344	0
15.344	0
17.344	0
19.344	0
21.344	0
23.344	0
25.344	0
29.344	0
31.344	0
33.344	0
35.344	0
37.344	0
39.344	0
41.344	0
43.344	0
47.344	0
49.344	0
51.344	0
53.344	0
55.344	0
57.344	0
59.344	0
63.344	0
65.344	0
67.344	0
69.344	0
71.344	0
73.344	0
75.344	0
77.344	1.07E-05
81.344	2.06E-05
83.344	2.12E-05
85.344	3.21E-05
87.344	2.16E-05
89.344	3.86E-05
91.344	3.77E-05
93.344	3.61E-05
97.344	3.43E-05
99.344	4.24E-05
101.344	3.32E-05
103.344	3.49E-05
105.344	3.36E-05
107.344	3.29E-05
109.344	3.39E-05
113.344	3.29E-05
115.344	3.44E-05
117.344	3.26E-05
119.344	3.26E-05
121.344	3.76E-05
123.344	3.45E-05
127.344	3.10E-05
129.344	2.71E-05
131.344	3.13E-05
133.344	2.36E-05
135.344	2.31E-05
137.344	2.16E-05
139.344	1.82E-05
143.344	1.52E-05
145.344	1.17E-05
147.344	1.78E-05
149.344	1.19E-05
151.344	1.07E-05
153.344	1.40E-05
157.344	1.16E-05
159.344	1.49E-05
161.344	1.05E-05
163.344	1.56E-05
165.344	1.24E-05
167.344	1.41E-05
171.344	1.22E-05
173.344	9.93E-06
175.344	1.38E-05
177.344	1.16E-05
179.344	1.29E-05
183.344	1.41E-05
185.344	1.46E-05
187.344	1.54E-05
189.344	6.74E-06
191.344	1.23E-05
193.344	1.24E-05
197.344	1.14E-05
199.344	1.42E-05
201.344	1.36E-05
203.344	1.28E-05
205.344	9.81E-06
207.344	1.80E-05
211.344	9.43E-06
213.344	1.48E-05
215.344	1.12E-05
217.344	1.15E-05
219.344	7.70E-06
223.344	1.24E-05
225.344	1.34E-05
227.344	1.03E-05
229.344	1.15E-05
231.344	1.07E-05
235.344	9.78E-06
237.344	8.60E-06
239.344	1.38E-05
241.344	1.21E-05
243.344	1.02E-05
247.344	1.24E-05
249.344	9.12E-06
251.344	1.49E-05
253.344	1.04E-05
255.344	1.64E-05
257.344	1.11E-05
261.344	1.40E-05
263.344	9.87E-06
265.344	1.05E-05
267.344	1.31E-05
271.344	1.51E-05
273.344	1.03E-05
275.344	8.74E-06
277.344	1.13E-05
279.344	1.35E-05
283.344	1.14E-05
285.344	9.89E-06
287.344	1.18E-05
289.344	1.15E-05
293.344	1.22E-05
295.344	7.50E-06
297.344	1.29E-05
299.344	1.16E-05
301.344	9.22E-06
305.344	1.43E-05
307.344	8.13E-06
309.344	1.11E-05
311.344	1.46E-05
315.344	1.55E-05
317.344	1.19E-05
319.344	1.26E-05
321.344	8.97E-06
323.344	1.33E-05
327.344	1.22E-05
329.344	1.36E-05
331.344	1.28E-05
333.344	1.20E-05
337.344	1.31E-05
339.344	1.03E-05
341.344	9.93E-06
343.344	8.33E-06
347.344	9.71E-06
349.344	9.92E-06
351.344	7.34E-06
353.344	9.23E-06
357.344	9.30E-06
359.344	1.60E-05
361.344	1.22E-05
365.344	1.13E-05
367.344	1.45E-05
369.344	1.64E-05
371.344	1.52E-05
373.344	1.66E-05
377.344	1.86E-05
379.344	1.54E-05
381.344	1.89E-05
383.344	2.00E-05
387.344	1.37E-05
389.344	1.80E-05
391.344	1.90E-05
393.344	1.75E-05
397.344	1.72E-05
399.344	1.99E-05
401.344	2.40E-05
405.344	2.54E-05
407.344	2.73E-05
409.344	3.09E-05
411.344	3.97E-05
415.344	4.08E-05
417.344	3.98E-05
419.344	4.21E-05
421.344	5.11E-05
425.344	6.55E-05
427.344	7.88E-05
429.344	0.000116107
433.344	0.000220888
435.344	0.000341564
437.344	0.000496623
439.344	0.000667163
443.344	0.000817323
445.344	0.000956948
447.344	0.001025075
449.344	0.001132557
453.344	0.001278292
455.344	0.001446564
457.344	0.001628201
461.344	0.001783033
463.344	0.001907754
465.344	0.002016264
467.344	0.002121739
471.344	0.00219508
473.344	0.002194081
475.344	0.002156613
479.344	0.002176111
481.344	0.002201961
483.344	0.002208985
485.344	0.002133281
489.344	0.002106557
491.344	0.002056548
493.344	0.00204469
497.344	0.002032466
499.344	0.002048737
501.344	0.002070855
503.344	0.002009516
507.344	0.001959887
509.344	0.0018864
511.344	0.001791171
515.344	0.001781329
517.344	0.001654672
519.344	0.001623264
523.344	0.001613467
525.344	0.001471156
527.344	0.001379027
531.344	0.001225174
533.344	0.001087877
535.344	0.000951509
537.344	0.000833129
541.344	0.000776686
543.344	0.000724176
545.344	0.000663448
549.344	0.000620229
551.344	0.000552671
553.344	0.000519805
557.344	0.000563042
559.344	0.000593394
561.344	0.00062986
563.344	0.000640655
567.344	0.000634064
569.344	0.000616577
571.344	0.000609079
575.344	0.000556179
577.344	0.000506479
579.344	0.000444886
583.344	0.000376083
585.344	0.000309134
587.344	0.000251477
591.344	0.000191991
593.344	0.000151351
595.344	0.000113882
599.344	8.92E-05
601.344	6.46E-05
603.344	4.96E-05
607.344	4.33E-05
609.344	2.84E-05
611.344	2.76E-05
615.344	2.40E-05
617.344	1.67E-05
619.344	2.02E-05
623.344	1.58E-05
625.344	1.72E-05
627.344	1.34E-05
631.344	1.42E-05
633.344	1.08E-05
635.344	1.69E-05
639.344	1.78E-05
641.344	1.94E-05
643.344	1.71E-05
647.344	1.47E-05
649.344	1.34E-05
651.344	1.13E-05
655.344	1.69E-05
657.344	1.10E-05
659.344	1.72E-05
663.344	1.84E-05
665.344	1.24E-05
667.344	1.63E-05
671.344	1.40E-05
673.344	1.58E-05
675.344	1.06E-05
679.344	9.62E-06
681.344	1.93E-05
683.344	1.57E-05
687.344	0
689.344	0
693.344	0
695.344	0
697.344	0
701.344	0
703.344	0
705.344	0
709.344	0
711.344	0
715.344	0
717.344	0
719.344	0
723.344	0
725.344	0
729.344	0
731.344	0
733.344	0
737.344	0
739.344	0
741.344	0
745.344	0
747.344	0
749.344	0
753.344	0
755.344	0
759.344	0
761.344	0
763.344	0
767.344	0
769.344	0
773.344	0
775.344	0
777.344	0
781.344	0
783.344	0
787.344	0
789.344	0
791.344	0
795.344	0
797.344	0
801.344	0
803.344	0
805.344	0
809.344	0
811.344	0
813.344	0
817.344	0
819.344	0
823.344	0
825.344	0
829.344	0
831.344	0
833.344	0
837.344	0
839.344	0
843.344	0
845.344	0
847.344	0
851.344	0
853.344	0