Time_sec	X_HCN
3.344	0
5.344	0
7.344	0
11.344	0
13.344	0
15.344	0
17.344	0
19.344	0
21.344	0
23.344	0
25.344	0
29.344	0
31.344	0
33.344	0
35.344	0
37.344	0
39.344	0
41.344	0
43.344	0
47.344	0
49.344	0
51.344	0
53.344	0
55.344	0
57.344	0
59.344	0
63.344	0
65.344	0
67.344	0
69.344	0
71.344	0
73.344	0
75.344	0
77.344	0
81.344	0
83.344	0
85.344	0
87.344	0
89.344	0
91.344	0
93.344	0
97.344	0
99.344	0
101.344	0
103.344	0
105.344	0
107.344	0
109.344	0
113.344	0
115.344	0
117.344	0
119.344	0
121.344	0
123.344	0
127.344	0
129.344	0
131.344	0
133.344	0
135.344	0
137.344	0
139.344	0
143.344	0
145.344	0
147.344	0
149.344	0
151.344	0
153.344	0
157.344	0
159.344	0
161.344	0
163.344	0
165.344	0
167.344	0
171.344	0
173.344	0
175.344	0
177.344	0
179.344	0
183.344	0
185.344	0
187.344	0
189.344	0
191.344	0
193.344	0
197.344	0
199.344	0
201.344	0
203.344	0
205.344	0
207.344	0
211.344	0
213.344	0
215.344	0
217.344	0
219.344	0
223.344	0
225.344	0
227.344	0
229.344	0
231.344	0
235.344	0
237.344	0
239.344	0
241.344	0
243.344	0
247.344	0
249.344	0
251.344	0
253.344	0
255.344	0
257.344	0
261.344	0
263.344	0
265.344	0
267.344	0
271.344	0
273.344	0
275.344	0
277.344	0
279.344	0
283.344	0
285.344	0
287.344	0
289.344	0
293.344	0
295.344	0
297.344	0
299.344	0
301.344	0
305.344	0
307.344	0
309.344	0
311.344	0
315.344	0
317.344	0
319.344	0
321.344	0
323.344	0
327.344	0
329.344	0
331.344	0
333.344	0
337.344	0
339.344	0
341.344	0
343.344	0
347.344	0
349.344	0
351.344	0
353.344	0
357.344	0
359.344	0
361.344	0
365.344	0
367.344	0
369.344	0
371.344	0
373.344	0
377.344	0
379.344	0
381.344	0
383.344	0
387.344	0
389.344	0
391.344	0
393.344	0
397.344	0
399.344	0
401.344	0
405.344	0
407.344	0
409.344	0
411.344	0
415.344	0
417.344	0
419.344	0
421.344	0
425.344	0
427.344	0
429.344	0
433.344	0
435.344	0
437.344	0
439.344	0
443.344	0
445.344	0
447.344	0
449.344	0
453.344	0
455.344	0
457.344	0
461.344	0
463.344	0
465.344	0
467.344	0
471.344	0
473.344	0
475.344	0
479.344	0
481.344	0
483.344	0
485.344	0
489.344	0
491.344	0
493.344	0
497.344	0
499.344	0
501.344	0
503.344	0
507.344	0
509.344	0
511.344	0
515.344	0
517.344	0
519.344	0
523.344	0
525.344	0
527.344	0
531.344	0
533.344	0
535.344	0
537.344	0
541.344	0
543.344	0
545.344	0
549.344	0
551.344	0
553.344	0
557.344	0
559.344	0
561.344	0
563.344	0
567.344	0
569.344	0
571.344	0
575.344	0
577.344	0
579.344	0
583.344	0
585.344	0
587.344	0
591.344	0
593.344	0
595.344	0
599.344	0
601.344	0
603.344	0
607.344	0
609.344	0
611.344	0
615.344	0
617.344	0
619.344	0
623.344	0
625.344	0
627.344	0
631.344	0
633.344	0
635.344	0
639.344	0
641.344	0
643.344	0
647.344	0
649.344	0
651.344	0
655.344	0
657.344	0
659.344	0
663.344	0
665.344	0
667.344	0
671.344	0
673.344	0
675.344	0
679.344	0
681.344	0
683.344	0
687.344	0
689.344	0
693.344	0
695.344	0
697.344	0
701.344	0
703.344	0
705.344	0
709.344	0
711.344	0
715.344	0
717.344	0
719.344	0
723.344	0
725.344	0
729.344	0
731.344	0
733.344	0
737.344	0
739.344	0
741.344	0
745.344	0
747.344	0
749.344	0
753.344	0
755.344	0
759.344	0
761.344	0
763.344	0
767.344	0
769.344	0
773.344	0
775.344	0
777.344	0
781.344	0
783.344	0
787.344	0
789.344	0
791.344	0
795.344	0
797.344	0
801.344	0
803.344	0
805.344	0
809.344	0
811.344	0
813.344	0
817.344	0
819.344	0
823.344	0
825.344	0
829.344	0
831.344	0
833.344	0
837.344	0
839.344	0
843.344	0
845.344	0
847.344	0
851.344	0
853.344	0