Time_sec	X_HCN
1.11	0
5.11	0
7.11	0
9.11	0
11.11	0
13.11	0
15.11	0
17.11	0
19.11	0
21.11	0
25.11	0
27.11	0
29.11	0
31.11	0
33.11	0
35.11	0
37.11	0
39.11	0
41.11	0
45.11	0
47.11	0
49.11	0
51.11	0
53.11	0
55.11	0
57.11	0
59.11	0
63.11	0
65.11	0
67.11	0
69.11	0
71.11	0
73.11	0
75.11	0
79.11	0
81.11	0
83.11	0
85.11	0
87.11	0
89.11	0
93.11	0
95.11	0
97.11	0
99.11	0
101.11	0
103.11	0
107.11	0
109.11	0
111.11	0
113.11	0
115.11	0
117.11	0
121.11	0
123.11	0
125.11	0
127.11	0
129.11	0
131.11	0
135.11	0
137.11	0
139.11	0
141.11	0
143.11	0
147.11	0
149.11	0
151.11	0
153.11	0
155.11	0
157.11	0
161.11	0
163.11	0
165.11	0
167.11	0
169.11	0
173.11	0
175.11	0
177.11	0
179.11	0
181.11	0
185.11	0
187.11	0
189.11	0
191.11	0
193.11	0
197.11	0
199.11	0
201.11	0
203.11	0
205.11	0
209.11	0
211.11	0
213.11	0
215.11	0
217.11	0
221.11	0
223.11	0
225.11	0
227.11	0
231.11	0
233.11	0
235.11	0
237.11	0
239.11	0
243.11	0
245.11	0
247.11	0
249.11	0
251.11	0
255.11	0
257.11	0
259.11	0
261.11	0
265.11	0
267.11	0
269.11	0
271.11	0
273.11	0
277.11	0
279.11	0
281.11	0
283.11	0
287.11	0
289.11	0
291.11	0
293.11	0
297.11	0
299.11	0
301.11	0
303.11	0
307.11	0
309.11	0
311.11	0
313.11	0
317.11	0
319.11	0
321.11	0
323.11	0
327.11	0
329.11	0
331.11	0
333.11	0
337.11	0
339.11	0
341.11	0
345.11	0
347.11	0
349.11	0
351.11	0
355.11	0
357.11	0
359.11	0
361.11	0
365.11	0
367.11	0
369.11	0
371.11	0
375.11	0
377.11	0
379.11	0
381.11	0
385.11	0
387.11	0
389.11	0
391.11	0
395.11	0
397.11	0
399.11	0
403.11	0
405.11	0
407.11	0
409.11	0
413.11	0
415.11	0
417.11	0
421.11	0
423.11	0
425.11	0
427.11	0
431.11	0
433.11	0
435.11	0
439.11	0
441.11	0
443.11	0
447.11	0
449.11	0
451.11	0
455.11	0
457.11	0
459.11	0
463.11	0
465.11	0
467.11	0
469.11	0
473.11	0
475.11	0
477.11	0
481.11	0
483.11	0
485.11	0
489.11	0
491.11	0
493.11	0